Samples - X-Axis	Acceleration (g) - X-Axis	Samples - Y-Axis	Acceleration (g) - Y-Axis	Samples - Z-Axis	Acceleration (g) - Z-Axis
10064	0,195312	10064	0,046875	10064	0,945312
10065	0,210937	10065	0,0546875	10065	0,960937
10066	0,230469	10066	0,0664062	10066	0,988281
10067	0,230469	10067	0,0664062	10067	0,988281
10068	0,238281	10068	0,078125	10068	0,988281
10069	0,230469	10069	0,0703125	10069	0,992187
10070	0,207031	10070	0,0507812	10070	0,992187
10071	0,203125	10071	0,0429687	10071	0,972656
10072	0,195312	10072	0,0429687	10072	0,96875
10073	0,203125	10073	0,0625	10073	0,96875
10074	0,203125	10074	0,0625	10074	0,96875
10075	0,214844	10075	0,0585937	10075	0,96875
10076	0,226562	10076	0,0625	10076	0,960937
10077	0,222656	10077	0,0664062	10077	0,953125
10078	0,210937	10078	0,0585937	10078	0,953125
10079	0,203125	10079	0,0507812	10079	0,953125
10080	0,191406	10080	0,0507812	10080	0,964844
10081	0,203125	10081	0,0546875	10081	0,964844
10082	0,203125	10082	0,0546875	10082	0,964844
10083	0,222656	10083	0,0546875	10083	0,976562
10084	0,230469	10084	0,0585937	10084	0,992187
10085	0,230469	10085	0,0703125	10085	0,996094
10086	0,21875	10086	0,0742187	10086	0,992187
10087	0,203125	10087	0,0585937	10087	0,984375
10088	0,199219	10088	0,046875	10088	0,964844
10089	0,191406	10089	0,0390625	10089	0,953125
10090	0,191406	10090	0,0390625	10090	0,953125
10091	0,199219	10091	0,046875	10091	0,964844
10092	0,21875	10092	0,0546875	10092	0,972656
10093	0,230469	10093	0,0585937	10093	0,96875
10094	0,234375	10094	0,0585937	10094	0,972656
10095	0,230469	10095	0,0625	10095	0,960937
10096	0,222656	10096	0,0585937	10096	0,953125
10097	0,210937	10097	0,0585937	10097	0,953125
10098	0,199219	10098	0,0585937	10098	0,957031
10099	0,195312	10099	0,0429687	10099	0,960937
10100	0,210937	10100	0,0507812	10100	0,972656
10101	0,226562	10101	0,0703125	10101	0,988281
10102	0,234375	10102	0,0820312	10102	0,988281
10103	0,226562	10103	0,0703125	10103	0,992187
10104	0,199219	10104	0,0429687	10104	0,964844
10105	0,195312	10105	0,0390625	10105	0,957031
10106	0,195312	10106	0,0507812	10106	0,953125
10107	0,203125	10107	0,0664062	10107	0,957031
10108	0,21875	10108	0,0703125	10108	0,957031
10109	0,21875	10109	0,0546875	10109	0,960937
10110	0,21875	10110	0,0585937	10110	0,964844
10111	0,222656	10111	0,0625	10111	0,964844
10112	0,21875	10112	0,0625	10112	0,96875
10113	0,203125	10113	0,0507812	10113	0,96875
10114	0,199219	10114	0,0507812	10114	0,972656
10115	0,199219	10115	0,0507812	10115	0,980469
10116	0,207031	10116	0,0507812	10116	0,984375
10117	0,226562	10117	0,0625	10117	0,992187
10118	0,226562	10118	0,078125	10118	0,992187
10119	0,21875	10119	0,0742187	10119	0,972656
10120	0,203125	10120	0,0585937	10120	0,957031
10121	0,203125	10121	0,0429687	10121	0,945312
10122	0,199219	10122	0,0351562	10122	0,945312
10123	0,210937	10123	0,046875	10123	0,953125
10124	0,222656	10124	0,0546875	10124	0,972656
10125	0,238281	10125	0,0585937	10125	0,980469
10126	0,238281	10126	0,0585937	10126	0,972656
10127	0,226562	10127	0,0625	10127	0,980469
10128	0,214844	10128	0,0625	10128	0,980469
10129	0,207031	10129	0,0585937	10129	0,964844
10130	0,191406	10130	0,046875	10130	0,960937
10131	0,195312	10131	0,046875	10131	0,972656
10132	0,214844	10132	0,0546875	10132	0,96875
10133	0,230469	10133	0,0742187	10133	0,980469
10134	0,230469	10134	0,0820312	10134	0,980469
10135	0,214844	10135	0,0585937	10135	0,964844
10136	0,207031	10136	0,0390625	10136	0,949219
10137	0,203125	10137	0,0429687	10137	0,945312
10138	0,210937	10138	0,0585937	10138	0,953125
10139	0,210937	10139	0,0585937	10139	0,953125
10140	0,230469	10140	0,0546875	10140	0,964844
10141	0,234375	10141	0,0546875	10141	0,972656
10142	0,222656	10142	0,0664062	10142	0,984375
10143	0,222656	10143	0,0664062	10143	0,984375
10144	0,214844	10144	0,0664062	10144	0,984375
10145	0,203125	10145	0,046875	10145	0,988281
10146	0,191406	10146	0,0429687	10146	0,976562
10147	0,191406	10147	0,0429687	10147	0,976562
10148	0,195312	10148	0,0429687	10148	0,972656
10149	0,203125	10149	0,0507812	10149	0,96875
10150	0,214844	10150	0,0664062	10150	0,976562
10151	0,226562	10151	0,0703125	10151	0,972656
10152	0,222656	10152	0,0742187	10152	0,964844
10153	0,226562	10153	0,0625	10153	0,953125
10154	0,214844	10154	0,0507812	10154	0,9375
10155	0,203125	10155	0,046875	10155	0,945312
10156	0,203125	10156	0,046875	10156	0,945312
10157	0,203125	10157	0,046875	10157	0,960937
10158	0,214844	10158	0,0507812	10158	0,980469
10159	0,238281	10159	0,0585937	10159	0,988281
10160	0,238281	10160	0,0664062	10160	1
10161	0,234375	10161	0,0664062	10161	0,996094
10162	0,214844	10162	0,0585937	10162	0,988281
10163	0,207031	10163	0,0546875	10163	0,976562
